95
60
91
12
72
40
23
79
82
35
86
79
43
71
30
7
86
22
12
7
91
100
100
44
88
98
80
84
94
20
59
12
66
38
81
56
11
77
40
23
79
94
41
17
56
78
71
30
7
86
22
12
7
91
100
100
44
88
98
80
84
94
20
59
12
66
38
81
56
11
77
40
23
79
94
41
17
56
78
71
30
7
86
22
12
7
91
100
100
44
88
98
80
84
94
20
59
12
66
38
81
56
11
77
40
23
79
94
41
17
56
78
71
30
7
86
22
12
7
91
100
100
44
88
98
80
84
94
20
59
12
66
38
81
56
11
77
40
23
79
94
41
17
56
78
71
30
7
86
22
12
7
91
100
100
44
88
98
80
84
94
20
59
12
66
38
81
56
11
77
40
23
79
94
41
17
56
78
71
30
7
86
22
12
7
91
100
100
44
88
98
80
84
94
20
59
12
66
38
81
56
11
77
40
23
79
94
41
17
56
78
71
30
7
86
22
12
7
91
100
100
44
88
98
80
84
94
20
59
12
66
38
81
56
11
77
40
23
79
94
41
17
56
78
71
30
7
86
22
12
7
91
100
100
44
88
98
80
84
94
20
59
12
66
38
81
56
11
77
40
23
79
94
41
17
56
78
71
30
7
86
22
79
94
41
17
56
78
71
30
7
86
22
12
7
91
100
100
44
88
98
80
84
94
20
59
12
66
38
81
56
11
77
40
23
79
94
41
17
56
78
71
30
7
86
22
12
7
91
100
100
44
88
98
80
84
94
20
59
12
66
38
81
56
11
77
40
23
79
94
41
17
56
78
71
30
7
86
22
12
7
91
100
100
44
88
98
80
84
94
20
59
12
66
38
81
56
11
77
40
23
79
94
41
17
56
78
71
30
7
86
22
12
7
91
100
100
44
88
98
80
84
94
20
59
12
66
38
81
56
11
77
40
23
79
94
41
17
56
78
71
30
7
86
22
12
7
91
100
100
44
88
98
80
84
94
20
59
12
66
38
81
56
11
77
40
23
79
94
41
17
56
78
71
30
7
86
22
12
7
91
100
100
44
88
98
80
84
94
20
59
12
66
38
81
56
11
77
40
23
79
94
41
17
56
78
71
30
7
86
22
12
7
91
100
100
44
88
98
16
41
76
54
84
73
60
93
60
72
54
86
36
64
76
17
45
71
97
60
27
50
92
36
7
60
38
99
78
94
84
93
82
23
11
23
76
45
3
92
13
98
76
5
44
22
63
66
47
82
33
4
96
22
98
35
66
60
50
71
8
68
20
39
76
72
81
54
3
99
7
95
78
85
98
21
87
79
62
61
87
33
88
90
9
75
24
26
59
84
55
86
13
13
66
19
76
75
31
42
41
46
72
59
54
74
19
46
88
57
91
28
22
73
13
9
20
99
34
25
48
81
99
21
46
55
34
46
74
28
63
64
42
7
76
23
92
41
3
51
45
20
13
73
63
62
54
42
57
53
82
87
97
35
29
74
74
64
4
61
9
32
62
11
73
8
16
25
66
39
18
7
63
17
93
73
22
91
58
10
98
60
16
21
29
44
14
88
59
85
56
30
19
30
98
61
19
89
41
85
39
38
24
89
45
41
88
15
87
72
16
9
46
61
84
75
75
5
12
46
8
24
49
8
22
88
73
15
63
48
10
11
69
98
46
97
75
57
98
10
42
70
45
60
83
45
23
52
85
22
79
47
21
10
46
40
81
44
13
56
6
27
19
59
29
21
6
90
47
7
61
6
65
35
74
40
46
48
91
59
91
82
22
12
3
98
14
27
15
93
47
17
54
49
50
21
8
43
85
19
65
26
80
57
15
49
33
8
90
35
7
9
97
70
3
6
97
27
50
15
33
55
94
35
97
59
61
55
75
14
4
68
50
57
68
9
33
81
74
59
13
67
8
97
96
61
10
38
42
19
86
78
77
67
88
19
90
20
1
63
50
92
78
9
48
52
57
40
52
54
2
35
60
70
74
16
28
49
83
90
56
80
97
19
57
44
46
88
87
5
96
96
62
2
69
4
20
4
34
82
35
22
81
2
80
75
73
6
38
2
19
24
41
90
73
54
38
17
62
88
75
63
2
82
74
7
4
53
47
35
4
52
29
27
39
98
41
95
94
28
89
17
9
81
17
11
61
25
41
54
20
73
63
66
80
25
95
57
78
93
47
17
33
8
88
47
33
73
62
37
47
57
69
77
89
21
88
9
4
4
83
26
87
47
51
12
67
99
27
62
82
85
71
87
7
88
92
98
20
34
49
20
33
71
93
19
61
68
90
26
52
7
31
74
100
13
45
75
95
12
34
7
73
2
100
26
2
62
32
11
51
57
53
61
12
17
52
46
58
23
76
67
1
6
40
54
70
13
29
21
28
32
32
7
69
5
96
55
44
99
97
2
84
9
96
6
40
89
24
3
96
19
92
9
72
2
20
81
60
48
66
14
45
55
91
55
30
60
35
64
58
84
34
4
64
26
77
78
49
75
43
43
95
14
19
20
15
28
40
71
80
3
50
44
60
5
16
46
23
75
14
42
76
63
75
78
72
22
5
18
92
98
40
81
75
45
1
100
2
100
20
64
97
14
94
3
77
96
13
69
66
18
98
38
20
56
64
1
18
84
35
87
8
6
64
45
57
37
67
48
25
22
45
69
68
97
33
99
6
42
51
27
63
34
66
76
83
71
3
41
84
39
39
14
73
6
50
87
28
77
50
45
68
72
2
45
59
59
16
33
20
68
42
86
47
61
43
75
16
87
17
11
85
73
88
11
71
53
74
6
42
24
52
48
38
78
80
2
34
74
87
89
43
3
79
48
5
40
7
26
67
71
6
82
88
46
41
50
1
87
10
53
10
30
18
98
34
45
48
81
76
3
80
35
86
64
49
35
31
64
19
21
92
35
36
71
41
28
7
92
72
62
44
96
78
72
66
77
66
21
64
43
20
41
15
89
100
68
15
57
53
51
32
70
21
20
3
33
96
11
76
55
56
93
14
30
69
62
59
29
89
82
29
82
64
97
44
53
98
16
74
39
82
28
2
38
14
75
48
93
75
30
75
23
77
79
42
48
67
93
60
91
61
31
26
57
41
61
10
47
25
18
3
67
69
45
81
60
87
55
55
62
50
43
23
67
57
89
15
94
1
61
7
13
35
10
51
57
95
62
14
11
84
60
46
72
6
70
67
98
60
79
58
76
30
48
2
83
3
70
39
7
96
81
40
11
84
11
19
34
77
96
18
91
72
95
37
17
45
73
60
89
40
42
1
47
10
10
37
9
39
52
58
65
31
3
14
80
52
2
45
16
36
79
73
32
80
26
54
9
50
75
95
55
50
64
22
66
51
72
78
80
53
95
5
60
15
97
15
26
37
6
11
91
72
36
64
33
84
75
63
7
60
78
15
82
14
81
93
79
99
46
20
70
39
81
56
86
42
7
19
55
71
51
78
1
30
69
90
44
74
43
8
60
60
85
55
25
69
26
35
11
56
59
61
15
18
65
1
67
64
82
20
79
13
86
41
23
33
76
17
37
91
53
51
62
25
82
68
40
95
1
46
64
64
21
34
18
91
20
1
91
56
67
42
90
68
90
43
30
6
73
52
77
48
16
35
10
56
42
84
7
85
5
11
98
46
21
68
65
72
94
2
96
100
43
43
73
15
43
81
68
4
81
64
6
27
9
44
55
24
80
97
61
96
37
98
31
65
42
89
86
41
73
22
50
8
97
36
91
73
47
97
64
70
9
19
17
29
85
42
41
44
78
13
27
9
59
11
39
95
97
4
62
65
69
82
79
25
86
52
73
43
76
99
28
89
61
55
83
23
95
20
76
10
73
36
27
23
27