95
60
91
12
72
40
23
79
82
35
86
79
43
71
30
7
86
22
12
7
91
100
100
44
88
98
80
84
94
20
59
12
66
38
81
56
11
77
40
23
79
94
41
17
56
78
71
30
7
86
22
12
7
91
100
100
44
88
98
80
84
94
20
59
12
66
38
81
56
11
77
40
23
79
94
41
17
56
78
71
30
7
86
22
12
7
91
100
100
44
88
98
80
84
94
20
59
12
66
38
81
56
11
77
40
23
79
94
41
17
56
78
71
30
7
86
22
12
7
91
100
100
44
88
98
80
84
94
20
59
12
66
38
81
56
11
77
40
23
79
94
41
17
56
78
71
30
7
86
22
12
7
91
100
100
44
88
98
80
84
94
20
59
12
66
38
81
56
11
77
40
23
79
94
41
17
56
78
71
30
7
86
22
12
7
91
100
100
44
88
98
80
84
94
20
59
12
66
38
81
56
11
77
40
23
79
94
41
17
56
78
71
30
7
86
22
12
7
91
100
100
44
88
98
80
84
94
20
59
12
66
38
81
56
11
77
40
23
79
94
41
17
56
78
71
30
7
86
22
12
7
91
100
100
44
88
98
80
84
94
20
59
12
66
38
81
56
11
77
40
23
79
94
41
17
56
78
71
30
7
86
22
79
94
41
17
56
78
71
30
7
86
22
12
7
91
100
100
44
88
98
80
84
94
20
59
12
66
38
81
56
11
77
40
23
79
94
41
17
56
78
71
30
7
86
22
12
7
91
100
100
44
88
98
80
84
94
20
59
12
66
38
81
56
11
77
40
23
79
94
41
17
56
78
71
30
7
86
22
12
7
91
100
100
44
88
98
80
84
94
20
59
12
66
38
81
56
11
77
40
23
79
94
41
17
56
78
71
30
7
86
22
12
7
91
100
100
44
88
98
80
84
94
20
59
12
66
38
81
56
11
77
40
23
79
94
41
17
56
78
71
30
7
86
22
12
7
91
100
100
44
88
98
80
84
94
20
59
12
66
38
81
56
11
77
40
23
79
94
41
17
56
78
71
30
7
86
22
12
7
91
100
100
44
88
98
80
84
94
20
59
12
66
38
81
56
11
77
40
23
79
94
41
17
56
78
71
30
7
86
22
12
7
91
100
100
44
88
98